"","ABCA3","AGR2","ALDH1A1","ANXA2","ANXA3","APOE","AQP1","ATP11A","C11orf88","C11orf96","C16orf89","C19orf33","C2","C4BPA","CACNA2D2","CAPS","CAV1","CAV2","CCL18","CFI","CHST9","CLDN18","CLDN3","CSF3R","CYBA","CYP4B1","DLC1","DMBT1","DNAJA4","DRAM1","EMP2","ETV1","FABP5","FAM183A","FGG","GPRC5A","GSTA1","HHIP","IGFBP2","IL32","KRT19","LAMP3","LMO7","LPCAT1","LRRK2","LTF","MARCKS","MCCC1","MFSD2A","MUC4","MYL9","NAPSA","NFIB","NNMT","NRGN","NTM","NUCB2","ODF2L","PEBP4","PERP","PGC","PIGR","PLA2G1B","PLAC8","PLPP2","RASGRF1","RTKN2","SCD","SCEL","SFTA2","SFTPA1","SFTPA2","SFTPC","SFTPD","SLC22A31","SLC39A8","SOX4","SPOCK2","TIMP3","TSPAN1","TSPAN13","VEGFA","WIF1","ZDHHC3","class"
"ABCA3",0,0.000700046878077697,0.0178597456174717,0.0463584924190387,0.0439972649925196,0.00122964048187159,0.0372474719654785,0.0588942764328847,0.0386541901434815,0.0929997698234038,0,0.0230755616730576,0.0682246307357957,0,0.0847312517701165,0.0305129474190989,0.0187722524199887,0.0275526532690542,0.00200981013190723,0.00913774028584119,0.0545628207266936,0.0182431656050391,0.00604931113309712,0.0641620200581816,0.0259016639425274,0,0.0437525399337501,0.0866227953496184,0,0.0817763890795983,0.00362483643180524,0.0551003488165999,0,0.0338681282496227,0.0953337468328048,0.0205274507896627,0.0365256212081524,0.103401809572832,0.0642668753756804,0.0188903022491677,0.0124033127611979,0.186728774119122,0.000386842354183838,0.13339482016486,0.108151821175723,8.21180226562308e-05,0.0367022974189715,0.0148833326006914,0.114378583978713,0,0.00817303933065559,0.116804505706333,0.00285066835829572,0.0696046784325242,0.0645185266370558,0.0325792381082007,0.0069185919299358,0.0258316973116573,0,0.0111206994354146,0,0.0301832572743278,0.055856012562262,0.0826376970361855,0.0285128533120288,0.043149319306742,0.0198179640137475,0.125670241532414,0.0228101289046771,0,0.155047181404141,0.163090378449566,0,0,0.0636348834561518,0.0590028750919423,0,0.0425453301006121,0,0.0483812813781232,0.000516898787272082,0.00116080033359406,0,0.0153034841041909,0
"AGR2",0.000700046878077697,0,0.00717848329466454,0.00392580188754518,0.00807611216559578,0.00270885026810228,3.46668351519591e-05,6.48548801843223e-05,0.00831632304574104,0.000280345080850128,0.0146107432759678,0.00876099277790749,0.0047879616020126,0.0038920869143585,0.000610622546799435,0.0021725044546394,0.0116861167557997,0.0151386689613573,0.00579724978752219,0.00330753963313042,0.0164862397800638,0.00545871677555734,0.0126080639654366,0.000307408844369258,0.00388661495407816,3.02989895693959e-08,0.00945227364357672,0.0312964144652763,0.00701043160046199,1.8463398254019e-05,0.00206152641423449,0.000183473556575058,0.0121336613202538,0.00572113131941041,0.0102180954186982,0.012350326291888,0.0200121298340352,0.00304874847826994,0.00188796287569628,0.0061252812317766,0.00042564340423127,0.00351309007727159,0.0131448855542207,0.000926435201610483,0.000134137051000778,0.00579243653627713,0.00037475226365886,0.00258769141983563,0.0114306542442446,0.0104426206816135,0.00615934842178279,0.00851298826775201,0.000437259140468636,0.0105575749757088,0.0110522338155926,0.0227474277552011,0.0501154915873249,0.000377270194678344,0.00399216976775726,0.0022060568199573,0.0133858617042435,0.0289186946309661,0.00866409395760706,0.000167347405219771,0.00658566057757401,1.84937495707757e-05,0.029372963513073,0.000373563365247387,0.0237361000827787,0.00381192599620902,0.00603375927169626,0.00680735239394644,0.0117026050457268,0.0111118748671739,0.00224929993798127,0.00491699395281845,0.000174872701729705,0.036562717268492,0.0124790499288716,0.0107472472107829,0.00030401475302998,0.0213868715354064,0.000401564966686908,0.000947001797284957,0.000470975230402104
"ALDH1A1",0.0178597456174717,0.00717848329466454,0,0.00858832269309981,0.00110649326476642,4.64479508104086e-05,0.0129070903686743,0.0103852265183536,0.0366384583178069,0.00530255451548816,0.000309727459208248,0.00168955592241151,0.00452558315561666,0.00705254288995132,0.00887619993858895,0.0280199349753481,2.13352390757225e-05,0.000659988609030117,0.00185010855005759,0.000350791072008319,0.0556086859781309,0.0095322601402077,0.0125239605108126,0.00285115687472705,0.0250595583334112,0.0115508116967783,0.0151564090706452,0.014142750929187,0.0257811357706552,0.00422001764653652,0.000483510181448637,0.00337735910905685,0.00171681620340622,0.0301038397102803,0.00462786870041397,0.000255581293831195,0.0233583958988842,0.00897921626686035,0.0357655607305425,0.00262137991082515,0.00111906679295581,0.00308877312324657,0.00113808234223189,0.0135016327745957,0.00538394725548859,0.00352389034787439,0.029213510775449,0.000122427784805388,0.0124023452267272,0.0272630944800886,0.000436105487519474,0.00897500584865409,0.00963601658230297,0.00394098562123842,0.00532305654261689,8.1555916749263e-05,0.0118334324724841,0.0156618584997368,0,0.00984540391202393,0.00109797735436385,0.00479784619108874,0.0023505645310756,0.0232086943878061,0.0281982572364679,0.00696795739240843,0.00559555362576183,0.00278597858366438,0.00519092233592959,0,0.00764955129718842,0.00811011821632358,0,0.00596611756746056,0.0105089816597325,0.00971639389830176,0.00169390165536857,3.72831165938493e-05,0.00247159355139102,0.0117449025890701,0.00167289740154402,0.000337793967743777,0.00287483113755511,0.00731345263354397,0.00728402719497992
"ANXA2",0.0463584924190387,0.00392580188754518,0.00858832269309981,0,0.0629796975742695,0.000542381528720908,0.00448257681594302,0.0046701474761243,0.0170157866679039,0.0438306618823774,0,0.0533511954910379,0,0,0.024579714974975,0.0157954910281788,0.042335932854108,0.0224883158244683,0.00021325106351478,0.00303974363239806,0.0262289269829774,6.99131847006247e-05,0.00307271535745975,0.0223176633584765,0.0234709531573084,0.0579329957091973,0,0.0270385403337449,0,0.0482899203305331,0.0108960000149129,0.0425646768048863,0.036226735343251,0.0181485821199988,0.0396835297346687,0.0205327935918648,0,0.0483462995102412,0.0442302581151185,0.014708009891258,0.0531392294595031,0.0571612222994046,0.0129089082863926,0,0.0496576497736888,1.14479907947239e-07,0.0271835407773717,0.00852101364617293,0.0596148769327178,0,0.0401402652311166,0.0478999343187446,0.00285841461353297,0,0.0283753605252316,0.0657440530022303,0.000145522463099662,0.0173646843446199,0.0481424794993728,0.0222492179379583,0.0387037707279159,0,0.0340324805353375,0.0666151392948895,0,0.0314576322969756,0.0393708389937332,0,0.037307740987785,0.043183643058165,0.0819786750977172,0.081249458025052,0.078211686012912,0.0456801869089587,0.021092008282389,0.0109804114204625,0,0.059973894992004,0,0,0.0115740271585916,0.009574601123283,0,0.0271615345368772,0
"ANXA3",0.0439972649925196,0.00807611216559578,0.00110649326476642,0.0629796975742695,0,9.14774697785715e-05,0.000331770736667781,0.00476174551523029,1.63337192353709e-05,0.0207006829933789,0,0.0610163884061725,0.0245097886996586,0,0,9.04231330027353e-05,0.0393261416911616,0.0366769753191793,0.000589796631415612,0.000783584350768758,0,0.00296977830911639,0.00449241632005843,0.011845442972602,0.00318776422594016,0.0590898677114513,0,0.0155954424564154,0.00578183022112786,0.0257021320320933,0.0183604856522134,0.0206614165264567,0.018513027977935,0.000294538966333954,0.0312457467940747,0.0422141078543752,0.00300423177676188,0.0316688929663733,0,0.0118331462668378,0.0273131506608337,0.0398430533402519,0.029104171186255,0.0200467155654872,0.0411183210830382,4.33692680557504e-05,0,4.15883038649961e-08,0.0244531501582669,0,0.0445522373274632,0.0519862455251976,1.34799313943236e-05,0.0295333693523877,0.0126577231343309,0.0726197085938662,0.000131062739554901,0.00480589655701519,0,0.00951977235585459,0.0246029368589127,0.018973680899984,0,0.0291074588680592,0,0.016761905500683,0.0643673249838754,0.0229380828524671,0.0528690888476441,0.0231940049780027,0.0659583648935461,0.0619627206452723,0.0528024030276304,0.0268247675644817,0.0115146973218379,5.10031998675064e-05,0.0244859324328798,0.0596020033645832,0.0343913890098307,0,0.0174838080939148,0.0339399770582636,0,0.00950781858351277,0
"APOE",0.00122964048187159,0.00270885026810228,4.64479508104086e-05,0.000542381528720908,9.14774697785715e-05,0,0.00183996309053626,0.00260187455631712,0.00740430386876923,0.000140615629540455,0.00985755220285651,0.00607746138942004,7.09987381224958e-05,0.00138651982958462,0.00639758197277313,0.000845299209097076,0.00341363015100647,0.000105188509112134,0.082050825056284,7.82589810329372e-05,0.00548675104100542,0.00688408887144626,0.00017017021075596,0.000797627120863693,0.000283345187211503,0.000394376297680484,0.0109365038243811,0.000226047321970668,3.77004761700061e-05,0.00206151127638743,0.00718209682384977,1.02491844305241e-05,0.00824643338402721,0.0101612136447189,0.00105886602226961,0.000351417460546504,0.000162185961148274,0.0110870540566164,0.00124200163282997,0.000131090456619854,0.000468108997880171,0.00989562880527772,0.0069775051053289,0.000468004296822791,0.000320323744992311,0,2.41899667212764e-05,0.00126995889871693,0.00242077444315907,8.42079297183243e-05,2.43734898374655e-05,0.0062544565741845,0.000427372437380173,4.78224292245371e-06,4.79594376902757e-05,0.000261478011677397,0.00335978481133523,6.5413790226319e-06,0.000210304634445758,0.00383545556156678,0.0187462961290576,0.0126689420164781,0.00736191784783191,0.00758764407349921,1.36805762744917e-05,0.000444144082952226,0.000751720202920338,0.000243229506450203,0.00383268437410522,0.00468971442924385,0.0119210283993384,0.010081458269316,0.0146680524226134,0.00512742081128575,7.07423017501372e-05,0.000626947543688803,0.00175470819759049,0.000178127938066869,0.00429749648367396,0.0039771111891805,0.00145827704291812,0.000459417121062053,0,0,0.130371609394404
"AQP1",0.0372474719654785,3.46668351519591e-05,0.0129070903686743,0.00448257681594302,0.000331770736667781,0.00183996309053626,0,0.0465969288676378,0.0346422830731798,0.0428132832377531,0.0134386639277181,0.00175085301084606,0.0228414483723965,0.0342540607503931,0.0240023200959651,0.0170087856994442,0.000160358453148796,1.76535775703104e-05,3.96629736051202e-07,0.00490187169399354,0.0425698038632075,0.0124100720136454,0.0012955251381049,0.0037499163983236,0.0076301973719525,0.000111711232756643,0.020033171852237,0.0249697653028256,0.0164038327867991,0.0338510394475091,0.000322289368897074,0.0364438458862635,0.000974719936257328,0.0341338838392552,0.00573945382070333,0.000427557053937439,0.035587148980865,0.0274409997090035,0.0323232276782115,3.23575607656302e-05,1.3579355871002e-05,0.0341380537954361,0.00383289223000508,0.0338186710659542,0.0164215887487998,0.00191109848433494,0.0244027051717213,0.00635741968845976,0.0200941971052892,0.0242066953972861,0.000447063487103994,0.0135030738124819,0.000405342326756895,0.0196827633527979,0.0146470417804929,0.00172657175606993,0.00237235311623152,0.00946694544772112,0.0168713940959705,0.0118779111100792,0.0289679884924322,0.00350158639892999,0.0155233041397766,0.0334348152340697,0.021053924003862,0.028008971916561,0.000226872708349259,0.00912062753749139,0.00874311090950855,0.0057378553330016,0.00781720668083638,0.0071656350874242,0.00230607572508348,0.00982368338114024,0.0257839117641281,0.0112460254727262,0.010137770816876,0.00197756236834045,0.00261072604394135,0.0147107855308891,0.00718409058109909,0.00402780031517695,0.0388151616090425,0.00702352397596444,2.57055511822796e-08
"ATP11A",0.0588942764328847,6.48548801843223e-05,0.0103852265183536,0.0046701474761243,0.00476174551523029,0.00260187455631712,0.0465969288676378,0,0.0330039779767497,0.0444484076140999,0.0164292987752689,0.00124874085347325,0.0288345583138347,0.0552880295076367,0.0423228655580727,0.0104143296565891,0.0052586237528673,0.00125563268283106,0.000388962370114599,0.00309392337935231,0.04387282282624,0.000922982184239548,0.00372600623219769,0.0312357520251368,0.00591292121468527,0.0114007266804884,0.0257409239868131,0.0524762273973047,0.0115895889120831,0.025066875628348,0.00145621609047673,0.0324652746368065,0,0.0324881539036085,0.0137807656395841,0.000286087254033749,0.0251917982016395,0.0536323090727707,0.0297995009758271,0.00442746899483712,0.00141086121953316,0.0542724191137299,0.00184057798571341,0.0594553537465247,0.0415718457233858,0.00211457929578418,0.0290352284552626,0.00656324896077231,0.052635246652129,0.0181399414361807,0.000505922247230814,0.0413965580722993,0.000212098788790842,0.0103336521862393,0.0256991712480231,0.00657290068784514,0.00279163090492631,0.00821027678610533,0.0181836566427067,0.00561359510162072,0.0292654183244602,0.0116443294018361,0.014487915736879,0.0379237378153966,0.0230247797801741,0.030500004696981,0.00477039632916529,0.0426458793531093,0.000222270575968683,0.0112963471873501,0.0381563140044695,0.0365691374300022,0.0174652989692242,0.0223874586515307,0.0257263973761735,0.0127968377039317,0,0.00429499857462192,6.55240559911723e-05,0.0100929648403877,6.25009454523481e-06,0.000355202811315031,0.0317856355976102,0.00929714932367699,0.00012000118006281
"C11orf88",0.0386541901434815,0.00831632304574104,0.0366384583178069,0.0170157866679039,1.63337192353709e-05,0.00740430386876923,0.0346422830731798,0.0330039779767497,0,0.0364643439155564,0.0384613602186744,2.64353429007874e-05,0.0321789086101073,0.0436108633972764,0.028221026171482,0.183036085051878,0.000136655050578836,1.11776086791809e-06,0.00234256713476981,0.00752662030294408,0.475711867000923,0.0404425550877958,0.0492421232734821,0.0271844269617999,0.0292884450440143,0.0380177789297992,0.0338628644055844,0.0240208248367627,0.114545199004275,0.0347837980029288,1.96774140768161e-05,0.0285435011313595,0.0250429830645721,0.75218636039471,0.0291613642536925,0.00294106026922526,0.0645464750963439,0.0322802363164433,0.344507623604793,0.000592131033759834,0.00138500965474257,0.0414628408964979,0.000649234641538028,0.0450085715145569,0,0.00239455619266506,0.155326310388864,0.00365948732857595,0.0371300672708022,0.0930556258231278,0.00120184860767904,0,0.0207798562040935,0.0355689260470737,0.0308855184847247,0,0.0503710734910075,0.0482428404571245,0.0415074651461327,0.024452690254303,0.0322046306931375,0.000230581053451153,0.0290458432207814,0,0.134271627742423,0.0241002433655681,0,0.0358816679444726,0.00311437436559697,0.0471533247469125,0,0,0,0,0.0293477666787266,0.0423685158363573,0.0347872148920565,0,0.0052014577768175,0.105826092898836,0.0140614370129011,0.00341056944638967,0.0189177970839249,0.0268630302840702,0.00406897673687394
"C11orf96",0.0929997698234038,0.000280345080850128,0.00530255451548816,0.0438306618823774,0.0207006829933789,0.000140615629540455,0.0428132832377531,0.0444484076140999,0.0364643439155564,0,0.0389529592238087,0.00856004099355307,0.0403386667086291,0,0.0570620854911899,0.0209540677531183,0.0196380151699531,0.0144601830718386,0.000204963027929284,0.00483008361627554,0.0456986753616895,0.00283680069002618,0.00611856353857612,0.0672906020031395,0.0137394577435341,0.0265010943646822,0.0203977803529087,0.07735560875714,0,0.0463374045377657,0.00388018592883118,0.0465435828553786,0,0.0346865229964071,0,0.00457286286609789,0.0230016842402652,0.0947522772540451,0.0509632414521581,0.00746590692861101,0.0203103266048092,0.085800879728272,0.00663774731301009,0,0,0.00312424505732602,0.0292067379367619,0.0115317317279896,0.061623776054239,0.0150066749477656,0.00909529757928942,0,0.000166760242106714,0.0728255945096034,0.0588252602359941,0.0331072543925375,0.00528504739497155,0.0150612726112792,0.0359355681628948,0.00982144886786773,0.0566042064859631,0.0125342170965798,0.0357344056027719,0.0637405153641369,0,0.0547367707717826,0.0154223958481596,0,0.00954628880477395,0,0.0580303747384238,0.0595901804193134,0,0,0.0431491066275758,0.0107890628402787,0,0.0349824676190604,0,0.0193455102893803,5.0454357391107e-05,0.00814309715273163,0,0.0224894546104786,0
"C16orf89",0,0.0146107432759678,0.000309727459208248,0,0,0.00985755220285651,0.0134386639277181,0.0164292987752689,0.0384613602186744,0.0389529592238087,0,0.0352984836157975,0.0772408785418066,0,0,0.0135774647425991,0.0338945071322427,0.0222930717792418,0.0120823196080503,0.0187680604971549,0.0273047636669065,0.00234076029877326,0.0014068596069085,0.0222177249412874,0.00859621436862248,0,0,0,0,0,0.00855344122746618,0,0,0.0323740184374979,0.0468383374000431,0.00218748018725319,0,0,0.0357371703310017,0.0160597100156436,0.00355607710805389,0,0.00920969110828779,0,0,0.00132263623164615,0.0332414909306953,0.0160895293172666,0.0564576664354726,0.0189421057220949,0.0102405375708707,0.0979910036486284,0.00665610138450715,0.0337917472801131,0.0317137257141855,0.0381942000314588,0.000295616187493896,0.0145198110903311,0,0.00670680049964558,0.116783212065154,0.0623645289027424,0.0742968306184483,0.0663136037305114,0,0.0317576871388115,0.0346622441998671,0,0.0230445904931904,0,0.0901768452071062,0.0811449520964842,0.10468206601662,0.0844328269375376,0.0314442946741798,0.00402872036597346,0,0.0473931305662437,0,0,0.00251129819895607,0.0104990570072453,0,0.001120481062696,0.0148524425826182
"C19orf33",0.0230755616730576,0.00876099277790749,0.00168955592241151,0.0533511954910379,0.0610163884061725,0.00607746138942004,0.00175085301084606,0.00124874085347325,2.64353429007874e-05,0.00856004099355307,0.0352984836157975,0,0.0234654329641341,0.00233255945775214,0.0125602101949771,0.000820010560387692,0.025648474033942,0.0225335241167375,0.00119270935256542,0.000508195521122493,0.000760132617907438,0.00570175403537373,0.00481278603395934,0.00883728080518054,0.000954181828288575,0.0282273770918667,0.00431087903652316,0.0182240135785779,4.30823855046317e-05,0.0127945457327124,0.0152542067396205,0.0113345292995329,0.022830427065485,1.91207811196011e-05,0.0246047339074799,0.0187740202735207,0.00310317654274302,0.0301846466597836,0.00136794824963012,0.00774875972364087,0.00944980198635649,0.0184592761699722,0.0297331905311089,0.00721246189247904,0.0111498155458616,0.00109346871624405,0.00330821480713158,0.000176197578093009,0.018862363777684,0.00328819287198567,0.0348284082712071,0.0306443218057555,6.49153405319922e-05,0.02125020723564,0.011105913031472,0.0483633410195303,0.00285823246780613,0.00232503306397049,0.00786297827535124,0.000914090247351268,0.0466726635038396,0.039080521072718,0.0111534510346902,0.0128697212090196,0.00461319209553986,0.00713302823924528,0.0250151357451889,0.0160738330490232,0.0413181412106728,0.0175792349788464,0.0493195559134261,0.0393284909285534,0.0483021191671369,0.0188324433021502,0.00997841579746486,0.00122984234044615,0.00621511705893161,0.0309580819782324,0.0288349744038673,0.00941955312003405,0.0203871714295657,0.00608156372522495,0.0156879660632354,0.000216307162177141,0.00797093310293703
"C2",0.0682246307357957,0.0047879616020126,0.00452558315561666,0,0.0245097886996586,7.09987381224958e-05,0.0228414483723965,0.0288345583138347,0.0321789086101073,0.0403386667086291,0.0772408785418066,0.0234654329641341,0,0,0.0374062297015247,0.0229139129480657,0.0116637096801824,0.0104362836116093,0.000978822987984684,0.0137477145435235,0.0445963286034102,0.00687108062186267,0.0043293434624383,0.030248686256605,0.0189884106694006,0,0.0313366676511326,0.0434561573260383,0.0219196591212254,0.0674943329858848,0.00155971202284196,0.0567812753299529,0,0.0361719011402777,0.040298756020286,0.0108680758226225,0.0251725427139138,0.0818236851196409,0.0356702524331607,0.00778274885354043,0.00608614957073097,0.0855134395013729,0.00376535280676642,0,0,0.000927593165908807,0.0289820862728728,0.0159662200927289,0.062622371537796,0,0.00639340652744303,0.108781628195079,0.0126716973551929,0,0.0374341174231105,0.0333845310196682,1.21058699167651e-06,0.00442834661391632,0.0625755103448454,0.00765164936272252,0.0809921063532601,0,0.0483366082276362,0.0684479438535922,0,0,0.0156985118489409,0.0693085337381364,0.00650308424048016,0,0.0927534493514995,0.0958627549937343,0.072835989117391,0.0923172955824522,0.062138161274906,0.0176596404336346,0,0.030306380477456,0,0,0.000965345675320447,0.0017127006960566,0.0749289551268429,0.00527058121429777,0
"C4BPA",0,0.0038920869143585,0.00705254288995132,0,0,0.00138651982958462,0.0342540607503931,0.0552880295076367,0.0436108633972764,0,0,0.00233255945775214,0,0,0.0267465951960858,0.0250380002930789,0.0109873122169996,0.00551695161229478,0.000890922025517764,0.0230497455422197,0.0447976379151008,0.0274339091655049,0.0151431278314277,0.0178492061342288,0.0273103997752642,0,0.0403770573468074,0,0.0269986175224847,0.0438978246394164,0.00181925247627373,0.0449881649040697,0,0.0386472612560931,0,0.000976007173044544,0.0324066659250594,0.0737107307672067,0.0654750658446498,0.00412575668035309,0.00646195204494466,0,0.00159658237180777,0.0637957242501824,0,2.90509413278336e-06,0.0517279944866579,0.00797249881060093,0,0.0363424348437613,0,0.111859799033766,0.00175905799902607,0,0.0176817715147874,0.0204438597611528,0.00859007473517939,0.012754188171182,0,0.0022616988952735,0,0,0.0509967504703347,0.0698059009840142,0.0429294248479354,0.0344852530559069,0.013856893922883,0,0.00693616495325752,0,0.0906203726504733,0.0886686523463389,0.0758787232784376,0.121398830965381,0.0242581786306971,0.0162130205741174,0,0.0204417033916731,0,0,0.00104708715632669,0.00292616201316296,0.0787972167601175,0.0027902451516771,0
"CACNA2D2",0.0847312517701165,0.000610622546799435,0.00887619993858895,0.024579714974975,0,0.00639758197277313,0.0240023200959651,0.0423228655580727,0.028221026171482,0.0570620854911899,0,0.0125602101949771,0.0374062297015247,0.0267465951960858,0,0.019736161323759,0.00778905225196085,0.0012923717158137,0.00194038513617681,0.00759577498177192,0.037926087802918,0.0158042536212679,0.00398272730877294,0.0287059746886863,0.0153679110148417,0.0231030164190261,0.0374502750795798,0.0611386078094618,0.0110778675729389,0.0402128777926257,0.000298389810992711,0.0598456146705078,0,0.0250703744514643,0,0.00861546477789609,0.0302996678073151,0.0745817312819623,0.0360607695652749,0.00766329914176015,0.0194846972993949,0.0885609684579387,0.000425793949665999,0.0651175569311243,0,0.00230161421904286,0.0327577399686199,0.00299034962064367,0.0471238678918232,0.0209812514375858,0,0,0.000235991536408955,0.0446580540545374,0.0266379939338536,0.0159558758366053,0.00481576823611915,0.00925485269746276,0,4.72422273326865e-05,0.109369456498058,0,0,0.0391617541972735,0.032341940742264,0.0466318179704917,0.000299564485240831,0.0528357186768496,0.00180319944477619,0,0.0681087955327399,0.0684776339610689,0,0,0,0.0105745598031645,0,0,0,0.0206117848161227,0.00112449038755978,0.00105671545984952,0.0681422251869885,0.00223424830886705,0
"CAPS",0.0305129474190989,0.0021725044546394,0.0280199349753481,0.0157954910281788,9.04231330027353e-05,0.000845299209097076,0.0170087856994442,0.0104143296565891,0.183036085051878,0.0209540677531183,0.0135774647425991,0.000820010560387692,0.0229139129480657,0.0250380002930789,0.019736161323759,0,0.00168482164913489,0.000527172504849155,8.18226064143253e-05,0.00223597527202048,0.161098432561546,0.0323329757873705,0.0143963386397181,0.0158743124079076,0.0179532888548371,0.0164756762328145,0.0356520730734983,0.0238959666688603,0,0.0196619917260199,0.00259402900070257,0.023316594992509,0.0153831576581045,0.171866512672531,0.0208184878085208,0.000413796787879647,0.0511803531796441,0.0247745115216694,0.164513265837899,0.00225445640903,0.0128865774305478,0.032733023280833,0.000799085254314983,0.0277497812929431,0.0210007410413822,0.000446750088663525,0,0.0034684112764578,0.0281618169542032,0,9.88139179683877e-06,0.0251480406389866,0.0122835715234088,0.0216566333502479,0.0212335579973174,0,0.0136926555036205,0.0419897895049307,0.016591164646982,0.0196483616996217,0.0218508824972797,0.000175375411869931,0.0210944829931529,0,0,0.00678629592320354,0.0055061432598669,0.0173076374220871,0.000451835989306458,0.036394594420275,0.0377045515146603,0.0330977670370792,0.038474772495661,0.0332703886067269,0.0222763693131699,0.0267205087453253,0.038056448630688,0,0.000472957724793044,0,0.00993955428992237,0.00635807488697995,0.0241773206258246,0.0176485600073372,0.000248682366487424
"CAV1",0.0187722524199887,0.0116861167557997,2.13352390757225e-05,0.042335932854108,0.0393261416911616,0.00341363015100647,0.000160358453148796,0.0052586237528673,0.000136655050578836,0.0196380151699531,0.0338945071322427,0.025648474033942,0.0116637096801824,0.0109873122169996,0.00778905225196085,0.00168482164913489,0,0.040544873759914,0.00599081334124992,1.75139905951681e-05,0.00156043981461297,0.00718356744175828,0.00161423917759204,0.0107714124609321,2.64985014478596e-06,0,9.00472225151019e-05,0.0116728772523073,0.000304819125260884,0.0247714768007357,0.0271730280987124,0.0189197017434455,0.0134250956264708,0.000225818102562453,0.0208701375023963,0.0224426298216135,0.000791046906401469,0.0353114651224006,0.000535038999719105,0.0294669794776168,0.00478621915684366,0.0284439618043261,0.012021554183738,0.0138297058208683,0.0213960246081987,0.00126433531402163,0.00336642027562128,0.00103007831535309,0.0243750205003113,4.75450617832427e-07,0.0492637728592657,0.0386183307841876,0.00529630696035382,0.0116873541548272,0.00600581726688458,0.116749699699642,0.000314840610781252,0.000212720382470053,0.0018355087323662,0.00140862644455645,0.0259874800973829,0.0321752251129407,0.0101330713823939,0.0243042875380326,9.74475841621269e-05,0.0226735793512191,0.072914073663129,0.0183390913645548,0.0473369490384558,0.00627550712890211,0.047744955967738,0.0446091252559736,0.0457475662534534,0.0167558958045956,0.00282080881361748,0.00280193540464314,0.000191178368784074,0.107107256776773,0.0398233141714297,0.00022587114939998,0.025617086095712,0.0201222935878094,0.018795623256862,0.000951815011717274,0.00388442024661582
"CAV2",0.0275526532690542,0.0151386689613573,0.000659988609030117,0.0224883158244683,0.0366769753191793,0.000105188509112134,1.76535775703104e-05,0.00125563268283106,1.11776086791809e-06,0.0144601830718386,0.0222930717792418,0.0225335241167375,0.0104362836116093,0.00551695161229478,0.0012923717158137,0.000527172504849155,0.040544873759914,0,0.000146552118278001,0.00131047383210467,0,0.00405652899800947,0.00019032165402596,0.00935123261930598,2.83660202953959e-05,0.0263898053107931,0.000217926046490556,0.013985579694964,8.67832268933897e-05,0.00506006742504197,0.00713969042249437,0.00820190411425917,0.0142862804597594,6.98440606675462e-05,0.0113601151255392,0.0161406946038153,0.00187918912048494,0.0134718340428689,0.00260610589388362,0.0212170239411147,0.00657384534871177,0.00878843386698955,0.0136172465042351,0.00565390909976026,0.0239070032151008,7.30993648044742e-06,0.00371760729304051,0.00107309313430433,0.0213254348503781,0.00153304991196334,0.0178453708059139,0.0372307075097699,0.00025918601622977,0.01752995419549,0.00559805003472194,0.036698945651051,0.00170928495733445,6.06610892035989e-05,0.012190107687383,0.00109172147894443,0.0189336595715709,0.026128432337451,0.0189165583787635,0.0159678959323798,0,0.0105190687513502,0.0423031694227525,0.0134370795941903,0.0343009945093803,0.0111091037681984,0.0426288575195659,0.0477929113416536,0.0494741627581174,0.0513462058990309,0.00118695003300968,4.53835681033048e-05,0.00222911376992003,0.0457764665114382,0.0392542351680821,0.000751741074952849,0.0154577571125455,0.00945488653289773,0.0122240427710137,0.00115857789202409,7.65429103913909e-05
"CCL18",0.00200981013190723,0.00579724978752219,0.00185010855005759,0.00021325106351478,0.000589796631415612,0.082050825056284,3.96629736051202e-07,0.000388962370114599,0.00234256713476981,0.000204963027929284,0.0120823196080503,0.00119270935256542,0.000978822987984684,0.000890922025517764,0.00194038513617681,8.18226064143253e-05,0.00599081334124992,0.000146552118278001,0,5.96659482628451e-05,0.00145451496041735,0.0237540365568292,0.00462064720634744,0.00122349972021672,0.0107301732269073,3.69593852096889e-05,0.0262501511804693,0.00694174772769856,7.16025066237807e-05,0.0177350968408014,0.0342386648109165,0.00103457250264,0.0328186420791353,0.00265829956274371,0.0039706762720987,0.000268028545696395,0.00158583567643336,0.0169352471214239,7.67289802421452e-06,0.00146120171713566,0.000254456145717968,0.0175972053845508,0.00664049529106593,0.000472120050542047,0.000241746240499753,0,0.00644721444673867,0.00191689357117384,0.0030611555689924,0.00160403678056999,0.00128220421580552,0.0250596134755628,0.000338727553100172,3.15345856964033e-05,0.000258383863333558,0.000245610241027618,0.00087478715566815,0.00406971487207642,0.00616610598309184,0.00203249196494361,0.0336584893291688,0.0214931169725681,0.0170223641214563,0.00384235250306739,0.0010472220685544,0.000619192509731293,0.000666007873173543,0.00530811390735485,0.000194361442515297,0.0263908923664266,0.0303855110397384,0.0268417361029798,0.0446889344344356,0.0120467609041746,0.000491090625796629,0.00100923126604741,0.0329684214731876,4.96765362651785e-07,0.0155757840281788,0.0226682281844322,2.31298612652746e-06,0.000503708273381431,0,0,0.35520867302344
"CFI",0.00913774028584119,0.00330753963313042,0.000350791072008319,0.00303974363239806,0.000783584350768758,7.82589810329372e-05,0.00490187169399354,0.00309392337935231,0.00752662030294408,0.00483008361627554,0.0187680604971549,0.000508195521122493,0.0137477145435235,0.0230497455422197,0.00759577498177192,0.00223597527202048,1.75139905951681e-05,0.00131047383210467,5.96659482628451e-05,0,0.0135054615112054,0.00144767101978226,0.000320891957359893,0.0151642451317568,0.00199227761652203,0.00223297790990837,0.00767672256529217,0.0109864083952204,0.0124149779994728,0.0113035261488753,0.00213003634033147,0.0128571382114574,0.00242554545860769,0.0118168544745453,0.0127081840138868,4.11385147529432e-06,0.00480839558683967,0.0218367200530418,0.0105779690774808,0.000430904164373622,0.000390104211428109,0.0103608789557306,0.000851740050719153,0.0112530432749196,0.0145824981431016,0.00256057011747651,0.00363224001153428,0.00379545646079477,0.00789183071440551,0.00503247948597299,0.00193883240850848,0.019079027926498,0.00028336748539338,0.0148939603551691,0.00807911669028422,0.00185992459235601,0.000192162563696713,0.00188675560849338,0.0142020376836572,7.1005303732389e-06,0.0128833763907828,0.000786899341281213,0.0111789216800046,0.024479156832931,0.00384337990873724,0.00568734884788586,0.00711078081554048,0.0146891097428179,3.29899653423336e-06,0.0058726865901558,0.00924195573685316,0.00836033458396998,0.00621491426676222,0.0185335760257504,0.0229776203281876,0.0051073408262678,0.000557832860770593,0.00802069981662677,0.000652617200929331,0.000854005439317522,0.000362320751769597,8.81594746333399e-05,0.0181045511390977,0.00136243359921962,0.000439704051714238
"CHST9",0.0545628207266936,0.0164862397800638,0.0556086859781309,0.0262289269829774,0,0.00548675104100542,0.0425698038632075,0.04387282282624,0.475711867000923,0.0456986753616895,0.0273047636669065,0.000760132617907438,0.0445963286034102,0.0447976379151008,0.037926087802918,0.161098432561546,0.00156043981461297,0,0.00145451496041735,0.0135054615112054,0,0.0470990608182699,0.0387344592749862,0.0391487877763355,0.0422220051452138,0.0551283173516956,0.0469928334763403,0.0334582131051922,0.145519459947819,0.0496865904524387,0.00244807985389533,0.0359502292738713,0.0313491628812694,0.438292090909685,0.0395626589224999,0.00134029549429767,0.0934740580862536,0.0447253053020626,0.314989523322142,0.00229226015188161,0.0047875259593621,0.0503456109826454,1.69887105606568e-05,0.0612817699541739,0.0519949368105054,0.00021207715806334,0.197128310167556,0.0051406025103453,0.0466288283409102,0.12865495899634,0.00383641712599087,0.0614383916140483,0.0342429086449877,0.0485305567094532,0.0361399915594105,0,0.054957939852399,0.0590701671078621,0.0554301756522104,0.0263382215028503,0.0410410953816561,0,0.0367412636960925,0.227600600196946,0.14015582532679,0.0313531880108055,0.00184556641204316,0.0499604136956353,0.00360502778698885,0.064752167184834,0,0,0,0.0625766142872262,0.0373093777676814,0.0587174027249673,0.0335890693438211,0,0.00602290636801397,0.120937654034087,0.0115370079785717,0.00239012871998085,0.0316771238242179,0.0344842760350914,0
"CLDN18",0.0182431656050391,0.00545871677555734,0.0095322601402077,6.99131847006247e-05,0.00296977830911639,0.00688408887144626,0.0124100720136454,0.000922982184239548,0.0404425550877958,0.00283680069002618,0.00234076029877326,0.00570175403537373,0.00687108062186267,0.0274339091655049,0.0158042536212679,0.0323329757873705,0.00718356744175828,0.00405652899800947,0.0237540365568292,0.00144767101978226,0.0470990608182699,0,0.00084932619763043,0.00637700743247727,0.022089544033221,0.000647275489644854,0.0688920033647811,0.00202902559351494,0.013751598374073,0.0331123683424474,0.0246611358033081,0.00537275446966328,0.0374466957605568,0.0277494848880648,0.00234364211403938,0.000879739067184047,0.0326009023411793,0.00848897141055633,0.0412616978581696,0.00604861024899431,0.000236692341181814,0.0264349259099603,0.00988746564678153,0.0181612050233751,0.00687657928872575,0.0160531400666588,0.0331228417515395,0.00575355231657456,0.00732157353366135,0.0340489082288442,0.00619797353156632,0.0203114365607912,0.000803340977436228,0.00105306838840189,0.00718607629925144,0.00231159796109706,0.0136700738865883,0.0137753064895747,0.0318477104104163,0.00461092610591081,0.0133910458616995,0.0052619940721181,0.0209865922536746,0.0104925110353947,0.0486672161539045,0.00376860384049552,0.0191213919787849,0.0169001864868071,0.00571830152050533,0.0194247898106458,0,0.0222743612876173,0.0215202925980134,0.0190040245210134,0.000450157494469344,0.0509512407137766,0.0176666976461873,0.00385089752060194,0.00591448049165482,0.0334447268365058,0.0132336137221574,0.00605953603899932,0.0199732746305356,0.00160475005401722,0.0265917778363494
"CLDN3",0.00604931113309712,0.0126080639654366,0.0125239605108126,0.00307271535745975,0.00449241632005843,0.00017017021075596,0.0012955251381049,0.00372600623219769,0.0492421232734821,0.00611856353857612,0.0014068596069085,0.00481278603395934,0.0043293434624383,0.0151431278314277,0.00398272730877294,0.0143963386397181,0.00161423917759204,0.00019032165402596,0.00462064720634744,0.000320891957359893,0.0387344592749862,0.00084932619763043,0,0.0007983595214621,0.0027577132244326,0.0152051851661849,0.00328447496762779,0.00250568523905536,0.0188017955490015,0.00191858428742629,0.00154813654311688,0.00456596335853139,0.000488188679885503,0.0317367634318037,0.00011777102554841,0.000701880539411288,0.0258373578103401,0.00447110863202289,0.0242475035721547,0.00224171251284086,0.00181559840536675,0.00222548870328107,0.000434365369482328,0.00488080173610521,0.00424955870650316,8.03962501800745e-05,0.0189458023441581,0.000193064122837681,0.00243133854004954,0.0242030121066315,6.19527411080004e-05,0.0121279020335728,0.0142378760440005,0.0139407003325965,0.00148534738114081,0.00151870857327457,0.0167918663768344,0.0110711480991994,0.00462289451261324,0.007326187491916,0.00468186643515998,4.08128979290405e-05,0.00518629193424202,0.0198517942166284,0.0258652595799066,0.00605536487883257,0.00304526444763944,2.24875017264421e-05,0.000325670032012161,0.0179411533555615,0.0168356379854302,0.0108473749816191,0.016312351469393,0.0154336178610856,1.36305312138204e-06,0.00606067144569427,0.00823518327604414,0.000562991480565062,0.000461120246195777,0.0239087432240504,0.00077749553025114,0.00244514652354013,0.0148965139285668,0.00406210364602079,0.00061686911199582
"CSF3R",0.0641620200581816,0.000307408844369258,0.00285115687472705,0.0223176633584765,0.011845442972602,0.000797627120863693,0.0037499163983236,0.0312357520251368,0.0271844269617999,0.0672906020031395,0.0222177249412874,0.00883728080518054,0.030248686256605,0.0178492061342288,0.0287059746886863,0.0158743124079076,0.0107714124609321,0.00935123261930598,0.00122349972021672,0.0151642451317568,0.0391487877763355,0.00637700743247727,0.0007983595214621,0,0.00585329673971198,0.0260168156419948,0.0240597547411912,0.0317241967688343,0.0132682825138477,0.0513446456613669,4.10659502170064e-08,0.0323973647360334,0.0208210586007852,0.0300257153685298,0.0345608693658216,0.000312020887405481,0.0119607554670403,0.0419305119771592,0.0387282455222594,0.00933493032583224,0.0026007420403415,0.0563028419815945,0.000431756067092689,0.0387386231259954,0.0541105358845512,0.00570722924242493,0.0225127850127284,0.00270686589466132,0.0299453376341852,0.0143922589707856,0.0050847115501354,0.0391067153323772,0.000487486784851141,0.0237113459329788,0.0289960605533487,0.0143815965678281,0.0047642447268314,0.00951300940926951,0.0267323207792765,0.00633254027849245,0.0251354959696555,0.0102073907720623,0.014192664926353,0.0368337009740143,0.0130890904514071,0.0188788394392719,0.0134020187295743,0.0582594550151546,0.0100189321245029,0.0235385193710908,0.045896252905369,0.0498163849433503,0.0380954515072445,0.057391169169457,0.0464545320921249,0.0137203237791455,0.00134673981031206,0.0178615246472346,0.000983865720809807,0.0153376574438818,0.000391533953641203,0.000204435615464033,0.0171533378646206,0.0109357018959002,7.39607056150737e-06
"CYBA",0.0259016639425274,0.00388661495407816,0.0250595583334112,0.0234709531573084,0.00318776422594016,0.000283345187211503,0.0076301973719525,0.00591292121468527,0.0292884450440143,0.0137394577435341,0.00859621436862248,0.000954181828288575,0.0189884106694006,0.0273103997752642,0.0153679110148417,0.0179532888548371,2.64985014478596e-06,2.83660202953959e-05,0.0107301732269073,0.00199227761652203,0.0422220051452138,0.022089544033221,0.0027577132244326,0.00585329673971198,0,0.0171155454949624,0.0224568741471737,0.00620168554028922,0.0186708101550081,0.0212459765889393,8.4159479832263e-06,0.00628419111280356,0.00782906865760254,0.0215957513426868,0.0292803532009903,0.0050119249283674,0.0215768031650707,0.0354464004685774,0.050732081928377,0.000265433055716589,0.00134258149834849,0.0352782775840867,0.00140840758627582,0.0324367840138425,0.032788337852219,0.000506563596415981,0.0318679491055158,0.00548501289628685,0.0110845791175635,0.0381255398605217,0.000684988337326968,0.0419927675509046,0.0113209221435999,0.018623529908217,0.00375717915466851,0.00346085889098304,0.0121658013861432,0.0254103395376627,0.0250235664056929,0.00338072234874946,0.0184714402126547,0.00143487941032834,0.0284157322830268,0.0199042980749904,0.0183412897062965,0.01480956349403,0.000146244353799365,0.0196947622288142,5.11544243517814e-07,0.0527372110707241,0.0420807493677161,0.0411267856486653,0.0408399329343647,0.0389592983065277,0.0113058981573244,0.0305658440702173,0.0268539787969993,0.00127548612376462,6.87258136355715e-05,0.0241928142333621,3.65797725534647e-06,0.000121146524970297,0.0182925686546151,0.00282697429458094,0.00415787321187705
"CYP4B1",0,3.02989895693959e-08,0.0115508116967783,0.0579329957091973,0.0590898677114513,0.000394376297680484,0.000111711232756643,0.0114007266804884,0.0380177789297992,0.0265010943646822,0,0.0282273770918667,0,0,0.0231030164190261,0.0164756762328145,0,0.0263898053107931,3.69593852096889e-05,0.00223297790990837,0.0551283173516956,0.000647275489644854,0.0152051851661849,0.0260168156419948,0.0171155454949624,0,0,0.027506377622382,0,0,0.00461299661972658,0.0261237647432063,0,0.0387960899468375,0.0255433175591848,0.0279162687481656,0.0175011151252843,0,0.0576417232631805,0.0266837812495238,0.0267132474518072,0,0.0198406587804747,0,0,0.00298252746524993,0,0.00595689420689652,0,0,0.0195754913826495,0,0.0125833831617549,0.0583223128472561,0.0232174696011937,0.0501263826802999,0.00865381132332185,0.0271592623909992,0,0.0171884919690639,0,0,0,0.0815772619733471,0.0427319933401797,0.040430829864947,0.0445467482490515,0,0.0293596362092707,0.0849709672765736,0.120166252053136,0.107787832545205,0.123862216820675,0,0,0,0,0.0649921825081068,0.0594616390127504,0.0531026386385494,0.00523978075024765,0.00797261065430432,0,0.00298477495432142,0
