"","AC013264.2","AGER","AGR3","ANXA3","C11orf88","C11orf97","C12orf75","C1orf194","C20orf85","C2orf40","C5orf49","C9orf116","C9orf24","CAPSL","CATSPERD","CCDC78","CCNL1","CFAP126","DNAAF1","DYNLRB2","EFCAB1","FABP6","FAM183A","FAM229B","FAM92B","FXYD3","GAS6","HOPX","IGF2","LRRC46","LRRIQ1","MALL","MORN5","MS4A8","MT-ND5","NEAT1","NUPR1","OMG","PIFO","PIGR","RNASE1","ROPN1L","RP11-356K23.1","RPS4Y1","RSPH1","RSPH9","RTKN2","S100A14","SFTPC","SFTPD","SLPI","SNTN","TMEM190","TNNC1","UPK3B","ZMYND10","class"
"AC013264.2",0,0.0019189176680866,0.0289667418346811,0.00195189121375082,0.456334119845634,0,0,0,0.441564056131767,0.418467833486599,0,0,0,0,0.414416271896763,0,4.37083841310706e-05,0,0,0,0,0,0,0.121748233787351,0,0.022081475147643,0.00426488318585676,0.0478247969214333,0.000278951822959019,0,0,0.0365405611445032,0.418576128445422,0,0.00153116928409542,0.000155434070109405,0.000689516675240937,0,0,0.00225945498261653,0.0426117470295847,0,0,0.00638311030475366,0,0,0.00121044527847924,0.0369809875391459,0.00232052376478101,0.0118996957753795,0.000299786004823549,0,0,0.00210680510458819,0.000360755264812401,0,0.0246710071768646
"AGER",0.0019189176680866,0,0.00936355786153442,0.0428250291148647,0.00256157502750923,0.00195715858072184,0.000472419248971673,0.00326487389339703,0.00267319758010194,0.00189025804471647,0.00257584670069749,0.00423670020582342,0.00216519746367646,0.00245476873526147,0.00262264833159077,0.00218536772159192,0.00029441212360017,0.00397637859058531,0.00235613520638716,0.00132523137602909,0.00209874958720231,0.00405101561459626,0.00193929526614513,3.99731850978062e-05,0.00151186140129148,0.049994298706337,0.0786888521927592,0.0370597216078475,0.00368840421990473,0.00153595551531612,0.00213169366261815,0.00744934244881471,0.00202256623816841,0.00287696605487895,0.00599441990896531,0.00219404164688782,0.0336307985174426,0.00162125038443982,0.00172738075338392,2.09944163182837e-05,0.0379133141373573,0.00171116388232759,0.00176569543823578,0.000134901094908189,0.00449349709368766,0.00132586516675356,0.0769684686010714,2.72922387909542e-05,0.0098297028548743,0.0173868611865517,0.00205314813545746,0.0020138482687693,0.00115571089459819,0.0967569754751671,0.0363399064186437,0.00206662762891529,0.0386623298473607
"AGR3",0.0289667418346811,0.00936355786153442,0,0.000290953353759793,0.0424740444226005,0.0345019660261269,0.0231673393577312,0.043776892582605,0.0460692118019564,0.0402601345021788,0.0336019183039543,0.0130211920965568,0.0384610025361619,0.0370755321751708,0.0301983804282691,0.0277441466378504,0.000991443223500322,0.0238955101285144,0.0266417934026296,0.0415179927465232,0.0337517872146518,0.0210350207013269,0.049821752923006,0.0126019306303204,0.0296174947615233,0.0686878565029401,0.0231408262522958,0.000902753913413756,0.00325030384806318,0.0283211353348385,0.0191291938926762,0.00176592648813539,0.0354874823755888,0.0393222535692733,0.0121343045186797,0.014305241152591,0.0782646115719743,0.0223474225513221,0.0279676992179651,0.0974746804559016,0,0.0329098161784323,0.034177094118383,0.00608053629043445,0.0152029401844824,0.0231785728625497,0.00138833439589945,0,0.0614844923083641,0.0747665614152613,0.105754830374728,0.0297860891565718,0.0239683944436373,0.00382209102298461,0.00344155712094221,0.037128699290079,0.0790001003373693
"ANXA3",0.00195189121375082,0.0428250291148647,0.000290953353759793,0,0.00178481823798192,0.000644214661646526,9.36550832938977e-06,0.00164813064609487,0.00153042371735677,0.00159255467554682,0.00153824203242491,0.000200659648143145,0.00165697987875273,0.00106465154164596,0.00113202630343632,0.000384238133555532,0.002324904558128,0.000736427392741961,0.00135744502882673,0.000884313637229739,0.00094871834734336,5.64648983220024e-05,0.0027545999446678,0.000256771479337328,0.00135514026748021,0.00699727705151266,0.0192160947851996,0.00282286277032356,0.00178954523967187,0.00151956257114216,3.88803945563853e-05,0.0187284402465031,0.00105174043897502,0.00123869661063791,0.00143014487166954,0.004882943250594,1.76739324165452e-06,0.000718593560063607,5.79832584623586e-05,0.00629204977980625,0.000576328581295752,0.000986651113675811,0.0011475220123753,0.00807873662544866,0.000161131426776742,0.00081043940482312,0.0461744036792004,0.00368409882957935,0.00802459967483454,0.00493942079981111,0.00518821987662318,0.000634829730370414,0.000709060540098536,0.0325819513197828,0.0360705088440008,0.00180667914504403,0.000937093482922539
"C11orf88",0.456334119845634,0.00256157502750923,0.0424740444226005,0.00178481823798192,0,0.515240023340056,0.267494620538489,0.649016097575745,0.79494110694882,0.662428250056486,0.407087974809307,0.212146760046107,0.561435488892227,0.622513071746957,0,0,0.000146298182535153,0.324436438672062,0.436176979873106,0.486748482953724,0.495172473929479,0,0,0.141438889767032,0.558194582573488,0.0329687722009616,0.00768755074748316,0.0672054680275154,0.00107179114096023,0.315047476884699,0.252454535848192,0.0489958891882386,0.611760273758845,0,0.00302367480791331,1.95808597696423e-05,0,0.42970166555636,0.209484106911575,0,0.0520052579938626,0.497259035821708,0.549599411926182,0.0090254950521231,0.236084247762869,0.33486140518759,0.00201429104805365,0.051292037481855,0.00319191607789609,0.0175732609935397,0,0.416059188644893,0.392085321808168,0.00534031000638426,0.00145562014930068,0.343371194247918,0.0385087125717428
"C11orf97",0,0.00195715858072184,0.0345019660261269,0.000644214661646526,0.515240023340056,0,0,0,0.536409720866675,0,0,0.178647174914456,0,0.55250925833842,0,0,0.000211858825327439,0,0,0,0,0,0,0.13250569310442,0,0.0236238994264971,0.00876713607925486,0.0556215233752795,0.00125855539840151,0,0,0.039981832775651,0,0,0.00291391568402076,1.00160871288019e-06,0.000924953364755145,0,0,0.000592151410490115,0.0459137618797795,0,0,0.00685239384645025,0,0,0.0017541447498238,0.0440023203884679,0.00272394560118903,0.0138110142919879,0.000349753415451235,0,0.377973130877663,0.00492191928624031,0.000892935713242586,0,0.0293183873520095
"C12orf75",0,0.000472419248971673,0.0231673393577312,9.36550832938977e-06,0.267494620538489,0,0,0.230979178703557,0.279156404150399,0.244713880299288,0,0,0,0.272240402154297,0,0,0.000123434689906716,0,0,0,0,0,0.263966764481805,0,0,0.0198431360485693,0.00607245146119575,0.0418550606709609,0.000220716772942151,0,0,0.0310781713263092,0.24846146510421,0,0.000365472928254928,6.77621444882395e-07,0.000752688408875407,0,0,0.00116950390907464,0.0342968325776719,0,0,0.00518315818286568,0,0,0.0022669897150716,0.0309846108024187,0.00287959770042143,0.00867004993075723,0.00069770843804433,0,0,0.00143071205748893,0.00068602648467841,0,0.0242554367455123
"C1orf194",0,0.00326487389339703,0.043776892582605,0.00164813064609487,0.649016097575745,0,0.230979178703557,0,0.655054165789764,0,0.401066601465912,0.217624225339629,0,0,0,0,3.80429678686103e-06,0.315979476529887,0,0,0,0,0,0.138640288056094,0,0.0264028699843011,0.00435628184710796,0.0692821347656705,0.00210294004885217,0,0.242610120986944,0.0425541505338136,0,0,0.00314271570916669,1.60680637045804e-06,0,0,0.198389637555562,0,0.0542452021082252,0,0,0.00776475247200093,0.246783338983436,0.298837297731752,0.00274730818741588,0.0506191787268604,0,0.0188090643638955,0,0,0,0.00664372462511744,0.00144752822322192,0.34350038274625,0.0335760376516511
"C20orf85",0.441564056131767,0.00267319758010194,0.0460692118019564,0.00153042371735677,0.79494110694882,0.536409720866675,0.279156404150399,0.655054165789764,0,0.672301194987326,0.417360073282191,0.225331910569231,0.587719310352319,0.62246580675954,0.538152026884724,0.476042878121742,0.000100394529039542,0.301657639099283,0.477910500278299,0.516886956584001,0.507437141008357,0.303432146549969,0.74499169871526,0.14853568972858,0.527142734421089,0.0343417996211697,0.00702877645766911,0.0703716164776704,0.00133789273260637,0.352474777191141,0.268344745992772,0.0519403066866403,0.570955640677596,0.521557906898508,0.00463809610489233,0.000254215864603855,0,0,0.220045407562883,0,0.0577058346987362,0.523878194401901,0.529155009236918,0.00872097113517846,0.265655177993841,0.343312919770422,0.00165773007189516,0.0553861329502308,0,0.018397671318678,0,0.445439828141987,0.401860156842115,0.00632439752457959,0.00174777960256047,0.387862493305693,0.0402406614360993
"C2orf40",0.418467833486599,0.00189025804471647,0.0402601345021788,0.00159255467554682,0.662428250056486,0,0.244713880299288,0,0.672301194987326,0,0.379257359133851,0.190960610206963,0,0,0,0,3.96972031922913e-05,0,0,0,0.470259846944729,0,0,0.134329787339613,0,0.0306647362181891,0.00789340707541868,0.0611670249081279,0.00139745900451197,0.338182116605672,0.249722948583373,0.0458873625555798,0,0,0.00393784224512553,0.000457140915192372,0.000619884130460055,0,0.183746531759233,0.000645193794812868,0.0493582952041297,0.489899451123356,0.508428441123153,0.00783745473875699,0.226870598131141,0.307440454089643,0.00182519331730521,0.0499660181514504,0.00279875592685963,0.0162121505813267,0.00137579700106442,0,0.381454116654716,0.00521269918125665,0.00128114625528175,0,0.0361031334701679
"C5orf49",0,0.00257584670069749,0.0336019183039543,0.00153824203242491,0.407087974809307,0,0,0.401066601465912,0.417360073282191,0.379257359133851,0,0,0.389819004196026,0.376447262028563,0,0,9.45022908991827e-06,0.312483138953246,0,0,0,0,0.407839043766943,0.12709863260116,0,0.0193889731552195,0.00509532687374159,0.0654385104797706,0.00169397445554997,0,0.235871347150065,0.0414162084744931,0.393865718462363,0,0.00153544533910933,0.000344665815145261,0,0,0.170790016383172,0,0.0571910753030041,0.376118995506612,0,0.00868615754123753,0,0,0.000856059551583317,0.0445733765911058,0,0.0151603328991789,0,0,0,0.00715772124655618,0.00104656566561695,0,0.0217632726643624
"C9orf116",0,0.00423670020582342,0.0130211920965568,0.000200659648143145,0.212146760046107,0.178647174914456,0,0.217624225339629,0.225331910569231,0.190960610206963,0,0,0.210352239222013,0.181302676324636,0,0,0.00208703969701022,0,0,0,0,0,0.224184188516668,0,0,0.00709662494214565,0.000677353258497915,0.0435640964538576,0.00058880733973425,0,0,0.0287782724018955,0.196998369849646,0,0.000362834183870897,0.00378284251753335,0.00472864908483581,0,0,0,0.0539375459635781,0.187490708505965,0,0.0107301931406343,0,0,0.0020764119538295,0.0301920486348802,0.0185608418241767,0.0275792152567864,0,0,0,0.00138506726639555,0.000102880845454457,0,0.00318406525562267
"C9orf24",0,0.00216519746367646,0.0384610025361619,0.00165697987875273,0.561435488892227,0,0,0,0.587719310352319,0,0.389819004196026,0.210352239222013,0,0,0,0,1.22802065085171e-06,0,0,0,0,0,0.554099156053769,0.136891588628183,0,0.0261343136109442,0.00537056236227289,0.0738861274779453,0.00103789955633506,0,0.247839708905121,0.0472269424113504,0,0,0.00385543111096528,6.01782958095167e-05,0,0,0.201854751020354,0,0.0581613748771997,0,0,0.0094693788673124,0.228136562977015,0,0.00168905505692329,0.0492995030449868,0,0.0193649803308856,0,0,0,0.00626399478407764,0.00113871123901798,0.347465669100541,0.0346948946377675
"CAPSL",0,0.00245476873526147,0.0370755321751708,0.00106465154164596,0.622513071746957,0.55250925833842,0.272240402154297,0,0.62246580675954,0,0.376447262028563,0.181302676324636,0,0,0,0,1.0117118465263e-05,0,0,0,0.509416413246236,0,0,0.148678599654744,0,0.0259766767613993,0.00559478310689517,0.0553217744007276,0.000917857284767557,0,0.235876851518842,0.0471841474062119,0,0.476164856642745,0.0027526775604232,4.2006549671309e-08,0,0.383752387883327,0,0.000899843583977448,0.0506416829244434,0.531237554924554,0.511624284204985,0.0116421093109432,0.226244750453799,0.334648584739738,0.00191651433139963,0.0494927508316823,0.00393733896365075,0.0156235102438408,0,0,0.379154478519165,0.00554639196622165,0.00135584420637784,0,0.034926841935913
"CATSPERD",0.414416271896763,0.00262264833159077,0.0301983804282691,0.00113202630343632,0,0,0,0,0.538152026884724,0,0,0,0,0,0,0,4.42238439608929e-06,0,0,0,0.481036650039684,0,0,0.127928086216526,0,0.0223785856702524,0.0086074021278199,0.052866300971033,0.000861359194098363,0,0,0.0385983869037729,0,0,0.00111264575919946,7.54526191418647e-05,0.000472959772694616,0,0,0.000567148078777827,0.0458583035622515,0,0,0.00925035257459128,0,0,0.00130695940985807,0.0418640711792975,0.00244137885955896,0.0140685192886298,0.000794085180900165,0,0,0.0046377017894348,0.000800393040279472,0,0.0290570219041121
"CCDC78",0,0.00218536772159192,0.0277441466378504,0.000384238133555532,0,0,0,0,0.476042878121742,0,0,0,0,0,0,0,1.67256540534632e-05,0,0,0,0,0,0.437608758232205,0.116166206212483,0,0.0242733185902837,0.0063381447720618,0.0503855644514221,0.000634893597458541,0,0,0.0354816008368561,0,0,0.00376714906075693,7.28411671013801e-05,0.000557594646595938,0,0,0.000481520800198343,0.0468998749384471,0,0,0.00845729952293302,0,0,0.00263247315248928,0.0420211857579524,0.00335076541344084,0.0158629441485505,0.000383400453219699,0,0,0.00528630348096292,0.00164392107449836,0,0.0243189213791083
"CCNL1",4.37083841310706e-05,0.00029441212360017,0.000991443223500322,0.002324904558128,0.000146298182535153,0.000211858825327439,0.000123434689906716,3.80429678686103e-06,0.000100394529039542,3.96972031922913e-05,9.45022908991827e-06,0.00208703969701022,1.22802065085171e-06,1.0117118465263e-05,4.42238439608929e-06,1.67256540534632e-05,0,0.000615232027532534,5.5539977909046e-06,3.18401895421379e-07,8.17555568552566e-05,0.000229342443287314,4.04302794082069e-06,0.000506098888210449,6.07163766609525e-06,0.000224964432135187,5.70278961178951e-05,0.000394458938299307,0.00496161137366527,0.000339147303209943,5.17536221036901e-05,0.000761759396178432,0.000259406218338972,7.47915358649189e-06,0,0.0616878820895879,0.0034228165884992,0.000316097468203728,0.000193705316604412,0.0108146414487723,0.000315954678517637,1.85816344965814e-05,9.95839600789011e-05,0.000783524949436578,0.00167692797082181,0.000241439138863619,0.00174780470031996,0.000178631729659133,0.012601364034295,0.00895936310269519,0.0086465584103362,0.000470565715528248,0.000165895040417186,0.00256861119447475,0.00434765047522875,0.000329961660619971,0.0170975736485774
"CFAP126",0,0.00397637859058531,0.0238955101285144,0.000736427392741961,0.324436438672062,0,0,0.315979476529887,0.301657639099283,0,0.312483138953246,0,0,0,0,0,0.000615232027532534,0,0,0,0,0,0,0.124859515109881,0,0.00724486805388631,0.00128914700891617,0.0625000325563892,0.0022299514143112,0,0,0.0336734983708934,0.351057119225147,0,0.000511339762382952,0.00354298254320425,0.000988699333873551,0,0.182037103624168,0.00142932680450621,0.0508105050760643,0,0,0.00874372462314637,0,0,0.000894698028963872,0.0471654664660963,0.00789337195939593,0.0187419434884133,0.000868237781455481,0,0,0.00515692516771277,0.0024918957562359,0,0.01084120492708
"DNAAF1",0,0.00235613520638716,0.0266417934026296,0.00135744502882673,0.436176979873106,0,0,0,0.477910500278299,0,0,0,0,0,0,0,5.5539977909046e-06,0,0,0,0,0,0,0.124510490884629,0,0.0182613938651118,0.00551543676743736,0.0573581031485352,0.000877715799667914,0,0.234091376932783,0.0353756583735282,0,0,0.00648085479061957,0.000425203545869263,0,0,0,0,0.0582754713665806,0,0,0.00888173006722565,0,0,0.00181856715900851,0.0433226888280746,0,0.0188698460395925,0,0,0,0.00642944269394164,0.00123804697730595,0,0.0260213361636879
"DYNLRB2",0,0.00132523137602909,0.0415179927465232,0.000884313637229739,0.486748482953724,0,0,0,0.516886956584001,0,0,0,0,0,0,0,3.18401895421379e-07,0,0,0,0,0,0.477976111137268,0.127911912932678,0,0.027860517200413,0.00618412037090786,0.0525108955128416,0.000848184323256605,0,0,0.0388372334924781,0,0,0.00318454237048109,3.24669900444723e-05,0.00115226233277473,0,0,0.00184011505725863,0.041391372539903,0,0,0.00755369912674031,0,0.297445399433729,0.00138278216485228,0.0415421674578404,0.00201745037437298,0.0094362465924137,0.00206745908030156,0,0,0.0041468044646565,0.000475790055526992,0,0.033995624580913
"EFCAB1",0,0.00209874958720231,0.0337517872146518,0.00094871834734336,0.495172473929479,0,0,0,0.507437141008357,0.470259846944729,0,0,0,0.509416413246236,0.481036650039684,0,8.17555568552566e-05,0,0,0,0,0,0,0.122769602933982,0,0.02409305176909,0.0067036823210944,0.0535216519320724,0.00100633759772073,0,0,0.0374078452196173,0,0,0.0025747303572205,8.52059316236726e-06,0.000689314015875049,0,0,0.000568557190464505,0.0433351015711255,0,0,0.0100140875409949,0,0,0.00183158362886878,0.0432862528369253,0.00242284539656421,0.0128327577811702,0.00072829510273767,0,0,0.00396584338155249,0.000710442146563069,0,0.0285743163319173
"FABP6",0,0.00405101561459626,0.0210350207013269,5.64648983220024e-05,0,0,0,0,0.303432146549969,0,0,0,0,0,0,0,0.000229342443287314,0,0,0,0,0,0.268320024927807,0,0,0.00824094840737792,0.0011861811607891,0.0444209214160061,3.28171871729739e-05,0,0,0.0286911525725786,0,0,3.79019888673906e-05,0.00112018093767601,0,0,0,0,0.0544363671507676,0,0,0.0096280636805208,0,0,0.00190119548668043,0.0368396594759631,0.0113152992392687,0.0211962828815651,0,0,0,0.00395922532866584,0.00158575879905783,0,0.0104783205458934
"FAM183A",0,0.00193929526614513,0.049821752923006,0.0027545999446678,0,0,0.263966764481805,0,0.74499169871526,0,0.407839043766943,0.224184188516668,0.554099156053769,0,0,0.437608758232205,4.04302794082069e-06,0,0,0.477976111137268,0,0.268320024927807,0,0.137304308851716,0,0.033913485103287,0.00628560899849314,0.0694507473836693,0.000114643878213109,0.329619817587223,0.24586342538146,0.0533033337100234,0,0.494172805372684,0.0029854796509506,0.000249424648794185,0,0,0.21546600572748,0,0.0541222977895452,0,0,0.0103844016664607,0.252656831395936,0.329331768778939,0.00277261377173764,0.0533942796193286,0.0056052639946484,0.0194770744214264,0,0.413268709790428,0,0.00508634249035268,0.00117659811718004,0.39016353527275,0.0361006614308443
"FAM229B",0.121748233787351,3.99731850978062e-05,0.0126019306303204,0.000256771479337328,0.141438889767032,0.13250569310442,0,0.138640288056094,0.14853568972858,0.134329787339613,0.12709863260116,0,0.136891588628183,0.148678599654744,0.127928086216526,0.116166206212483,0.000506098888210449,0.124859515109881,0.124510490884629,0.127911912932678,0.122769602933982,0,0.137304308851716,0,0.124633466511793,0.00361315725142027,0.00317520070209601,0.0262217042114176,0.00277243580019321,0,0.120273377288882,0.0162104300173701,0.15595692408095,0.11921314583928,0.000456510174785167,0.00475189938653338,8.70908764751304e-05,0,0,0.000123906845724368,0.035547236670528,0.147153956773867,0.137720975341058,0.0042321801374456,0.111155257212303,0.109828718248825,1.42216880603146e-05,0.0281031087330255,0.00693289327229627,0.00715467727906314,0.00149642343132535,0.118157380553054,0.12253806510339,0.000927543305105049,0.00110558905526908,0.124552368804492,0.00588075179642499
"FAM92B",0,0.00151186140129148,0.0296174947615233,0.00135514026748021,0.558194582573488,0,0,0,0.527142734421089,0,0,0,0,0,0,0,6.07163766609525e-06,0,0,0,0,0,0,0.124633466511793,0,0.0279967263691461,0.00723540820079553,0.0521272566149881,0.000903567334319451,0,0,0.0375329533433084,0,0,0.00144951726738811,7.76680123766614e-05,0.000709039876908187,0,0,0.000308960515755122,0.0443476699016325,0,0,0.00619279803886657,0,0,0.0012092087180986,0.0405998836486337,0.00313005155412824,0.0164939125151811,0.000397418943319312,0,0,0.00370843188587464,0.00058116109439002,0,0.0304630974878919
"FXYD3",0.022081475147643,0.049994298706337,0.0686878565029401,0.00699727705151266,0.0329687722009616,0.0236238994264971,0.0198431360485693,0.0264028699843011,0.0343417996211697,0.0306647362181891,0.0193889731552195,0.00709662494214565,0.0261343136109442,0.0259766767613993,0.0223785856702524,0.0242733185902837,0.000224964432135187,0.00724486805388631,0.0182613938651118,0.027860517200413,0.02409305176909,0.00824094840737792,0.033913485103287,0.00361315725142027,0.0279967263691461,0,0.0497749371502724,0.0154519528066899,0.00199787885264805,0.0150690787624461,0.00432519619379465,0.00808584717226132,0.0275947303344341,0.0317523150291792,0.0164589277697408,0.0165904584958309,0.0869564873159077,0.0212821215925014,0.00601643481986948,0,0.0347399009104601,0.0205903707410045,0.0243451766709849,0.000270191040081397,0.00409208754104021,0.0137264424045452,0.00872136378168858,0,0.0411272110557517,0,0.0773677102514601,0.0168562674336689,0.0201208571791538,0.0377560236597164,0.019738432574846,0.0213602109684648,0.0878927856895172
"GAS6",0.00426488318585676,0.0786888521927592,0.0231408262522958,0.0192160947851996,0.00768755074748316,0.00876713607925486,0.00607245146119575,0.00435628184710796,0.00702877645766911,0.00789340707541868,0.00509532687374159,0.000677353258497915,0.00537056236227289,0.00559478310689517,0.0086074021278199,0.0063381447720618,5.70278961178951e-05,0.00128914700891617,0.00551543676743736,0.00618412037090786,0.0067036823210944,0.0011861811607891,0.00628560899849314,0.00317520070209601,0.00723540820079553,0.0497749371502724,0,0.00391312870609483,0.00256455221109432,0.0051834959039258,0.00231814198080508,0.0128694009555231,0.00640131336758141,0.00534101074768428,0.00487941108132189,0.00341736113124761,0.0273625911608968,0.00424479704257889,0.00147050031262381,0.0038362764140812,0.0116408021443268,0.00627899505056078,0.00615042167320415,1.20218869568632e-05,0.000394270293347604,0.0027265578739883,0.0343355081323299,0.00142738374962993,0.00307726729289514,0.00335588957955479,0.00362554182931501,0.00540499997040083,0.00557435169311537,0.0293485784731552,0.0169119941296476,0.00470836190259454,0.030901728802624
"HOPX",0.0478247969214333,0.0370597216078475,0.000902753913413756,0.00282286277032356,0.0672054680275154,0.0556215233752795,0.0418550606709609,0.0692821347656705,0.0703716164776704,0.0611670249081279,0.0654385104797706,0.0435640964538576,0.0738861274779453,0.0553217744007276,0.052866300971033,0.0503855644514221,0.000394458938299307,0.0625000325563892,0.0573581031485352,0.0525108955128416,0.0535216519320724,0.0444209214160061,0.0694507473836693,0.0262217042114176,0.0521272566149881,0.0154519528066899,0.00391312870609483,0,0.00733053863875274,0.0486913885830059,0.0652278160052708,0.0178375504321199,0.0590463372499997,0.0538662511553953,0.000778988770064467,0.00640611990471611,0,0.050402632513395,0.0622401539337711,0,0.0855190166339887,0.0581647601072867,0.0535823209008131,0.00911072029630059,0.0539248764511997,0.0472963985660069,0.00934165783506546,0.0506542168051179,0,0,0,0.0521103661927832,0.0492271860529848,0.0378149114263866,0.0181217443776775,0.0577690514295408,0.00325658473319968
"IGF2",0.000278951822959019,0.00368840421990473,0.00325030384806318,0.00178954523967187,0.00107179114096023,0.00125855539840151,0.000220716772942151,0.00210294004885217,0.00133789273260637,0.00139745900451197,0.00169397445554997,0.00058880733973425,0.00103789955633506,0.000917857284767557,0.000861359194098363,0.000634893597458541,0.00496161137366527,0.0022299514143112,0.000877715799667914,0.000848184323256605,0.00100633759772073,3.28171871729739e-05,0.000114643878213109,0.00277243580019321,0.000903567334319451,0.00199787885264805,0.00256455221109432,0.00733053863875274,0,0.000411062964800024,0.00270240166330386,0.0029625267031896,0.000986635097578758,1.18439786834138e-05,0.00493594146842107,0.00012737894867527,0.0112586297058902,0.000283043112963301,0.0020305610817327,0.00676420938157163,0.00585345266195729,0.00102054601897619,0.00078944192647678,0.0439356815640644,7.52900999317434e-06,0.000502668235110399,0.000111384708198364,6.8320949811823e-06,0.0224038733161643,0.017498013387963,0.00794009167386909,0.000202724699954155,0.000647050588555805,0.00618172738660511,0.0164219650449686,0.0018933198769173,0.0170896006465962
"LRRC46",0,0.00153595551531612,0.0283211353348385,0.00151956257114216,0.315047476884699,0,0,0,0.352474777191141,0.338182116605672,0,0,0,0,0,0,0.000339147303209943,0,0,0,0,0,0.329619817587223,0,0,0.0150690787624461,0.0051834959039258,0.0486913885830059,0.000411062964800024,0,0,0.0319610981682831,0,0,0.000769090939799053,0.000170217274834537,1.09990053045818e-06,0,0,0.000352724166816743,0.0394241770769732,0,0.314630064213833,0.00923391322281571,0,0,0.000843390013755317,0.0408955035389658,0.00508360988639304,0.0128301384786602,0.000492929071609211,0,0,0.00433914112374558,0.000492378520849389,0,0.0188580138682282
"LRRIQ1",0,0.00213169366261815,0.0191291938926762,3.88803945563853e-05,0.252454535848192,0,0,0.242610120986944,0.268344745992772,0.249722948583373,0.235871347150065,0,0.247839708905121,0.235876851518842,0,0,5.17536221036901e-05,0,0.234091376932783,0,0,0,0.24586342538146,0.120273377288882,0,0.00432519619379465,0.00231814198080508,0.0652278160052708,0.00270240166330386,0,0,0.0344016213692444,0.250721379869036,0,0.000222632912745228,0.00326634930979323,0,0,0,0,0.0625394692704335,0.230905232095086,0,0.0116952493160555,0,0,3.50526604910415e-05,0.0535854234567777,0,0.0225948121063898,0,0,0,0.00696951510031068,0.00130516482867767,0,0.00754963757713427
"MALL",0.0365405611445032,0.00744934244881471,0.00176592648813539,0.0187284402465031,0.0489958891882386,0.039981832775651,0.0310781713263092,0.0425541505338136,0.0519403066866403,0.0458873625555798,0.0414162084744931,0.0287782724018955,0.0472269424113504,0.0471841474062119,0.0385983869037729,0.0354816008368561,0.000761759396178432,0.0336734983708934,0.0353756583735282,0.0388372334924781,0.0374078452196173,0.0286911525725786,0.0533033337100234,0.0162104300173701,0.0375329533433084,0.00808584717226132,0.0128694009555231,0.0178375504321199,0.0029625267031896,0.0319610981682831,0.0344016213692444,0,0.0431868856588747,0.0440349021451626,1.04295421117148e-05,0.00314861039044892,0.00381025882385839,0.0335728989385727,0.023569256563209,0.0113995027396629,0.0155101635094793,0.0428279807949214,0.0368946589905883,0.0198281282913114,0.0331870271285932,0.0301348538697687,0.013067294421042,0.0468196444363574,0.0198784895633207,0.0336259021094587,0.011096711774045,0.0362559965666426,0.0336637657218263,0.00153943828819338,0.00738463093249235,0.0307607738902199,0.00757727616159504
"MORN5",0.418576128445422,0.00202256623816841,0.0354874823755888,0.00105174043897502,0.611760273758845,0,0.24846146510421,0,0.570955640677596,0,0.393865718462363,0.196998369849646,0,0,0,0,0.000259406218338972,0.351057119225147,0,0,0,0,0,0.15595692408095,0,0.0275947303344341,0.00640131336758141,0.0590463372499997,0.000986635097578758,0,0.250721379869036,0.0431868856588747,0,0,0.00244369597195739,0.000253978217686775,0.000348342111765682,0.391008862875138,0.190637447233423,0.000699363067086625,0.0476291513143247,0.490502416765316,0,0.00894910044859202,0.233180089153878,0.325363305990885,0.000683979667365717,0.0459703408832996,0.0032975359422308,0.0169510642631783,0.000768113349743181,0,0.369094552983885,0.00450197420316078,0.000550203449168261,0.342464324503104,0.0299851049549489
"MS4A8",0,0.00287696605487895,0.0393222535692733,0.00123869661063791,0,0,0,0,0.521557906898508,0,0,0,0,0.476164856642745,0,0,7.47915358649189e-06,0,0,0,0,0,0.494172805372684,0.11921314583928,0,0.0317523150291792,0.00534101074768428,0.0538662511553953,1.18439786834138e-05,0,0,0.0440349021451626,0,0,0.00540126981055564,0.000515617282144133,0.000298459895752634,0,0,0.00208714350980731,0.039056367797005,0,0,0.0113023823581799,0,0,0.00266635801095875,0.046553175085839,0.00252115751697087,0.0204451817125822,0.00147837848390396,0,0,0.00363613726576268,0.00135209512166099,0,0.0389949837740735
"MT-ND5",0.00153116928409542,0.00599441990896531,0.0121343045186797,0.00143014487166954,0.00302367480791331,0.00291391568402076,0.000365472928254928,0.00314271570916669,0.00463809610489233,0.00393784224512553,0.00153544533910933,0.000362834183870897,0.00385543111096528,0.0027526775604232,0.00111264575919946,0.00376714906075693,0,0.000511339762382952,0.00648085479061957,0.00318454237048109,0.0025747303572205,3.79019888673906e-05,0.0029854796509506,0.000456510174785167,0.00144951726738811,0.0164589277697408,0.00487941108132189,0.000778988770064467,0.00493594146842107,0.000769090939799053,0.000222632912745228,1.04295421117148e-05,0.00244369597195739,0.00540126981055564,0,0.0581498965944545,0.0164100014173874,0.000221719148130208,6.27892157107379e-05,0.0274559114679532,0.0171146193739001,0.0016153647245281,0.00233824257320937,0.00463295212522801,0.000282552924392976,0.00125031544314976,1.49333496830403e-05,0.00253068535588304,0.0455642023797415,0.0242051223692148,0.0325277044011702,0.000792854446110381,0.00174521766235849,0.000847825079249881,0.000299943634001627,0.00240948462814561,0.0370271807754135
"NEAT1",0.000155434070109405,0.00219404164688782,0.014305241152591,0.004882943250594,1.95808597696423e-05,1.00160871288019e-06,6.77621444882395e-07,1.60680637045804e-06,0.000254215864603855,0.000457140915192372,0.000344665815145261,0.00378284251753335,6.01782958095167e-05,4.2006549671309e-08,7.54526191418647e-05,7.28411671013801e-05,0.0616878820895879,0.00354298254320425,0.000425203545869263,3.24669900444723e-05,8.52059316236726e-06,0.00112018093767601,0.000249424648794185,0.00475189938653338,7.76680123766614e-05,0.0165904584958309,0.00341736113124761,0.00640611990471611,0.00012737894867527,0.000170217274834537,0.00326634930979323,0.00314861039044892,0.000253978217686775,0.000515617282144133,0.0581498965944545,0,0.035910769029326,0.000161393988451086,0.00295432650358524,0.0331349802724712,0,1.3996948943107e-06,1.58040401475716e-05,0.00293320579216976,0.00567572528664549,0.000442056191400321,0.00240485387940264,0.0161135138797496,0.0658019052875642,0.0492132795210309,0.0458925015117062,0.000502187368208221,5.43258869941541e-06,0.000954976517363346,9.21201321680272e-05,0.000163496161448917,0.0337684375659182
"NUPR1",0.000689516675240937,0.0336307985174426,0.0782646115719743,1.76739324165452e-06,0,0.000924953364755145,0.000752688408875407,0,0,0.000619884130460055,0,0.00472864908483581,0,0,0.000472959772694616,0.000557594646595938,0.0034228165884992,0.000988699333873551,0,0.00115226233277473,0.000689314015875049,0,0,8.70908764751304e-05,0.000709039876908187,0.0869564873159077,0.0273625911608968,0,0.0112586297058902,1.09990053045818e-06,0,0.00381025882385839,0.000348342111765682,0.000298459895752634,0.0164100014173874,0.035910769029326,0,0.000374251648779702,1.59331503447905e-06,0,0,0,0.00043246852616891,0.0186067549157507,0,2.0156842712683e-08,0.000537144513665465,0.0192310894660242,0.203439354884116,0.252117380087533,0,0,0.000613163886080501,0.0234727768657894,2.71993030786497e-05,0.000361857083656188,0.111329986430316
"OMG",0,0.00162125038443982,0.0223474225513221,0.000718593560063607,0.42970166555636,0,0,0,0,0,0,0,0,0.383752387883327,0,0,0.000316097468203728,0,0,0,0,0,0,0,0,0.0212821215925014,0.00424479704257889,0.050402632513395,0.000283043112963301,0,0,0.0335728989385727,0.391008862875138,0,0.000221719148130208,0.000161393988451086,0.000374251648779702,0,0,0.00166971035233643,0.0409557725539586,0,0,0.00803731452004556,0,0,0.00139228823418939,0.0332248781213432,0.00333167304554847,0.01263748031712,0.000822760767005665,0,0,0.00407440755406212,0.000898717461078466,0,0.0172894988124395
"PIFO",0,0.00172738075338392,0.0279676992179651,5.79832584623586e-05,0.209484106911575,0,0,0.198389637555562,0.220045407562883,0.183746531759233,0.170790016383172,0,0.201854751020354,0,0,0,0.000193705316604412,0.182037103624168,0,0,0,0,0.21546600572748,0,0,0.00601643481986948,0.00147050031262381,0.0622401539337711,0.0020305610817327,0,0,0.023569256563209,0.190637447233423,0,6.27892157107379e-05,0.00295432650358524,1.59331503447905e-06,0,0,6.767558288956e-05,0.0347941603665829,0,0,0.00602490386577038,0,0,0.000945680703999344,0.0325054432238928,0.00498197615023987,0.00743262957519657,2.45686633063022e-05,0,0,0.0041833302439273,0.00417236705885028,0,0.0113554652158438
"PIGR",0.00225945498261653,2.09944163182837e-05,0.0974746804559016,0.00629204977980625,0,0.000592151410490115,0.00116950390907464,0,0,0.000645193794812868,0,0,0,0.000899843583977448,0.000567148078777827,0.000481520800198343,0.0108146414487723,0.00142932680450621,0,0.00184011505725863,0.000568557190464505,0,0,0.000123906845724368,0.000308960515755122,0,0.0038362764140812,0,0.00676420938157163,0.000352724166816743,0,0.0113995027396629,0.000699363067086625,0.00208714350980731,0.0274559114679532,0.0331349802724712,0,0.00166971035233643,6.767558288956e-05,0,0,0,0.0012400865672676,0.0288712375021421,0,0.00012806336090789,0.0124047121245982,0.0344431962425522,0.204316597368937,0.228346154394916,0.293877146668955,0,0.000422854701439158,0.000545118018928108,0.0101020493208327,0.00154097636679489,0.109031688434504
"RNASE1",0.0426117470295847,0.0379133141373573,0,0.000576328581295752,0.0520052579938626,0.0459137618797795,0.0342968325776719,0.0542452021082252,0.0577058346987362,0.0493582952041297,0.0571910753030041,0.0539375459635781,0.0581613748771997,0.0506416829244434,0.0458583035622515,0.0468998749384471,0.000315954678517637,0.0508105050760643,0.0582754713665806,0.041391372539903,0.0433351015711255,0.0544363671507676,0.0541222977895452,0.035547236670528,0.0443476699016325,0.0347399009104601,0.0116408021443268,0.0855190166339887,0.00585345266195729,0.0394241770769732,0.0625394692704335,0.0155101635094793,0.0476291513143247,0.039056367797005,0.0171146193739001,0,0,0.0409557725539586,0.0347941603665829,0,0,0.0510578440628911,0.0467795219243541,0.0355333861528696,0.0676950161269688,0.0434601472547578,0.00413806648158751,0.0377302105103898,0.117601265075283,0.126584224163876,0.112146180090092,0.0525468254544806,0.0368469200653025,0.0197051775462433,0.000654801716250355,0.0386641333700871,0
"ROPN1L",0,0.00171116388232759,0.0329098161784323,0.000986651113675811,0.497259035821708,0,0,0,0.523878194401901,0.489899451123356,0.376118995506612,0.187490708505965,0,0.531237554924554,0,0,1.85816344965814e-05,0,0,0,0,0,0,0.147153956773867,0,0.0205903707410045,0.00627899505056078,0.0581647601072867,0.00102054601897619,0,0.230905232095086,0.0428279807949214,0.490502416765316,0,0.0016153647245281,1.3996948943107e-06,0,0,0,0,0.0510578440628911,0,0,0.00692988250629804,0.224534561047211,0,0.0017027879096175,0.0454060288691614,0.00505084937329802,0.015601416506323,0,0,0.368474448928849,0.00442556070177002,0.00116897880506687,0,0.0267849422849552
"RP11-356K23.1",0,0.00176569543823578,0.034177094118383,0.0011475220123753,0.549599411926182,0,0,0,0.529155009236918,0.508428441123153,0,0,0,0.511624284204985,0,0,9.95839600789011e-05,0,0,0,0,0,0,0.137720975341058,0,0.0243451766709849,0.00615042167320415,0.0535823209008131,0.00078944192647678,0.314630064213833,0,0.0368946589905883,0,0,0.00233824257320937,1.58040401475716e-05,0.00043246852616891,0,0,0.0012400865672676,0.0467795219243541,0,0,0.00890841406116086,0,0,0.00182475858002214,0.0431568161471739,0.00341026982189781,0.0142298541823547,0.000775844859760047,0,0,0.00417100989836459,0.000691533024364981,0,0.0254667709307888
"RPS4Y1",0.00638311030475366,0.000134901094908189,0.00608053629043445,0.00807873662544866,0.0090254950521231,0.00685239384645025,0.00518315818286568,0.00776475247200093,0.00872097113517846,0.00783745473875699,0.00868615754123753,0.0107301931406343,0.0094693788673124,0.0116421093109432,0.00925035257459128,0.00845729952293302,0.000783524949436578,0.00874372462314637,0.00888173006722565,0.00755369912674031,0.0100140875409949,0.0096280636805208,0.0103844016664607,0.0042321801374456,0.00619279803886657,0.000270191040081397,1.20218869568632e-05,0.00911072029630059,0.0439356815640644,0.00923391322281571,0.0116952493160555,0.0198281282913114,0.00894910044859202,0.0113023823581799,0.00463295212522801,0.00293320579216976,0.0186067549157507,0.00803731452004556,0.00602490386577038,0.0288712375021421,0.0355333861528696,0.00692988250629804,0.00890841406116086,0,0.013715127104648,0.00812150889289826,0.00739130938828194,0.0438715561767312,0.0525884121414868,0.0521154657578152,0.0387700064189868,0.00798010535597887,0.00800654606079686,0.0016458239993979,0.00981642655459511,0.00569707734172477,0.00897148963992993
"RSPH1",0,0.00449349709368766,0.0152029401844824,0.000161131426776742,0.236084247762869,0,0,0.246783338983436,0.265655177993841,0.226870598131141,0,0,0.228136562977015,0.226244750453799,0,0,0.00167692797082181,0,0,0,0,0,0.252656831395936,0.111155257212303,0,0.00409208754104021,0.000394270293347604,0.0539248764511997,7.52900999317434e-06,0,0,0.0331870271285932,0.233180089153878,0,0.000282552924392976,0.00567572528664549,0,0,0,0,0.0676950161269688,0.224534561047211,0,0.013715127104648,0,0,0.000700059957235941,0.0515312377883857,0.020595001633581,0.02806389249798,0,0,0,0.00574710242281723,0.000892194579806588,0,0.00403590676113443
"RSPH9",0,0.00132586516675356,0.0231785728625497,0.00081043940482312,0.33486140518759,0,0,0.298837297731752,0.343312919770422,0.307440454089643,0,0,0,0.334648584739738,0,0,0.000241439138863619,0,0,0.297445399433729,0,0,0.329331768778939,0.109828718248825,0,0.0137264424045452,0.0027265578739883,0.0472963985660069,0.000502668235110399,0,0,0.0301348538697687,0.325363305990885,0,0.00125031544314976,0.000442056191400321,2.0156842712683e-08,0,0,0.00012806336090789,0.0434601472547578,0,0,0.00812150889289826,0,0,0.00123401747143476,0.040968436085742,0.00702526851322731,0.0162488611959911,0.000299556065476913,0,0,0.00452064606607917,0.00125578332534156,0,0.0162023182317549
"RTKN2",0.00121044527847924,0.0769684686010714,0.00138833439589945,0.0461744036792004,0.00201429104805365,0.0017541447498238,0.0022669897150716,0.00274730818741588,0.00165773007189516,0.00182519331730521,0.000856059551583317,0.0020764119538295,0.00168905505692329,0.00191651433139963,0.00130695940985807,0.00263247315248928,0.00174780470031996,0.000894698028963872,0.00181856715900851,0.00138278216485228,0.00183158362886878,0.00190119548668043,0.00277261377173764,1.42216880603146e-05,0.0012092087180986,0.00872136378168858,0.0343355081323299,0.00934165783506546,0.000111384708198364,0.000843390013755317,3.50526604910415e-05,0.013067294421042,0.000683979667365717,0.00266635801095875,1.49333496830403e-05,0.00240485387940264,0.000537144513665465,0.00139228823418939,0.000945680703999344,0.0124047121245982,0.00413806648158751,0.0017027879096175,0.00182475858002214,0.00739130938828194,0.000700059957235941,0.00123401747143476,0,0.00474906023476515,0.00538520705578662,0.0046930448980682,0.0145802457948624,0.00129557275311407,0.0010825750556622,0.0364424260610599,0.0671438761308587,0.00135552050909812,0.00582829068121205
"S100A14",0.0369809875391459,2.72922387909542e-05,0,0.00368409882957935,0.051292037481855,0.0440023203884679,0.0309846108024187,0.0506191787268604,0.0553861329502308,0.0499660181514504,0.0445733765911058,0.0301920486348802,0.0492995030449868,0.0494927508316823,0.0418640711792975,0.0420211857579524,0.000178631729659133,0.0471654664660963,0.0433226888280746,0.0415421674578404,0.0432862528369253,0.0368396594759631,0.0533942796193286,0.0281031087330255,0.0405998836486337,0,0.00142738374962993,0.0506542168051179,6.8320949811823e-06,0.0408955035389658,0.0535854234567777,0.0468196444363574,0.0459703408832996,0.046553175085839,0.00253068535588304,0.0161135138797496,0.0192310894660242,0.0332248781213432,0.0325054432238928,0.0344431962425522,0.0377302105103898,0.0454060288691614,0.0431568161471739,0.0438715561767312,0.0515312377883857,0.040968436085742,0.00474906023476515,0,0.0517647094723179,0.0593480181788521,0.0580374165324904,0.0433223125315451,0.0354065362646174,0.00252848322436121,4.54382261299615e-05,0.03832535198044,0
